CDC19 0.4705 -0.167 -0.5215 0.05125 -0.1345 0.26025 0.12725 0.12 -0.21375 0.18825 0.04775 -0.20025 0.02625 -0.12 0.03625 0.1575 0.000750000000000015 -0.13375 -0.02675 -0.1345 
 HAP3 0.768 0.037 -0.0545 -0.10075 -0.1015 -0.17325 -0.05425 0.0175 0.1145 -0.16975 -0.09475 0.035 -0.158 0.32225 -0.06925 -0.1175 0.05025 0.07175 0.08 0.001 
 RRN10 0.79375 -0.089 -0.153 -0.07075 -0.08875 -0.07575 -0.0665 0.10575 0.0495 -0.10025 -0.076 0.04 -0.2825 0.08375 -0.18725 -0.0775 -0.05 -0.00149999999999999 0.01525 -0.02875 
 RPS8A 0.2455 -0.03725 -0.20475 -0.13475 -0.38925 -0.2615 0.018 -0.246 -0.356 -0.349 -0.1245 -0.4815 -0.24525 -0.45925 -0.30825 -0.41425 -0.2535 -0.395 -0.29225 -0.366 
 RPL23A 0.189 -0.07725 -0.34 -0.406 -0.3695 -0.26775 -0.08425 -0.22375 -0.395 -0.268 -0.1255 -0.61075 -0.3705 -0.64925 -0.43725 -0.52925 -0.41425 -0.4795 -0.33075 -0.4645 
 PRP6 0.82225 -0.02 -0.0715 -0.041 -0.04725 -0.181 -0.06025 -0.0245 -0.0005 -0.16025 -0.07925 0.057 -0.149 0.10325 -0.043 -0.07675 -0.005 0.08625 -0.0145 -0.05525 
 TFC1 0.769 -0.02275 -0.08525 -0.02025 -0.06325 -0.04375 0.044 0.00925 0.01 -0.131 -0.07175 0.0775 -0.0415 0.058 -0.04 0.01925 -0.1055 -0.011 0.02175 0.03275 
 RPS6B 0.2785 -0.00325 -0.25525 -0.3675 -0.3625 -0.35825 -0.0385 -0.26225 -0.40575 -0.32525 -0.16875 -0.61275 -0.29575 -0.5915 -0.36325 -0.565 -0.31325 -0.379 -0.23525 -0.37175 
 NTC20 0.74875 0.065 -0.14775 -0.049 -0.00125 -0.15625 0.0375 -0.008 0.099 -0.01075 0.01475 0.03825 -0.214 0.21675 -0.09275 -0.439 0.06 0.1165 0.02825 -0.0905 
 RPS9B 0.221 -0.036 -0.26625 -0.31625 -0.4215 -0.35575 -0.126 -0.22125 -0.44625 -0.25075 -0.1145 -0.52125 -0.26425 -0.4705 -0.29625 -0.46675 -0.25475 -0.352 -0.24125 -0.38325 
 RPL21A 0.22375 -0.06575 -0.3155 -0.33125 -0.475 -0.32425 -0.0755 -0.26375 -0.474 -0.3895 -0.169 -0.60875 -0.28725 -0.58 -0.33825 -0.512 -0.30675 -0.43875 -0.28775 -0.44575 
 MED8 0.758 0.02875 -0.08175 0.1595 -0.24475 -0.01 -0.1135 0.04125 0.0395 -0.0965 -0.093 0.06375 -0.01375 0.10025 0.0655 0.04925 -0.01525 0.0405 -0.0185 -0.04475 
 HPC2 0.80275 0.04075 0.144 0.01225 -0.01325 -0.0195 0.039 0.00275 0.00874999999999999 0.0245 0.195 -0.03975 -0.01925 0.3345 0.0235 -0.0665 0.241 0.223 0.172 0.0245 
 ABD1 0.79325 0.09375 0.0315 0.121 0.01825 -0.077 0.00650000000000001 0.05275 0.099 -0.02 0.0175 0.0505 -0.00875 0.1665 0.0055 0.041 0.06675 0.0665 0.01575 0.06825 
 SRB6 0.69225 0.0735 -0.11725 -0.19275 -0.03175 -0.1715 0.031 0.00475 0.03275 -0.047 -0.05975 0.00825000000000001 -0.11625 0.12125 -0.028 -0.22025 -0.0615 0.19 -0.00875 0.00025 
 PAF1 0.71975 0.257 0.312 0.213 0.19 -0.01075 0.4195 0.051 0.134 0.18475 -0.03275 0.4595 0.2465 0.266 0.16225 0.203 0.116 0.181 0.1295 0.152 
 PGK1 0.56675 -0.218 -0.48475 0.17175 0.02275 0.3265 -0.1225 0.096 -0.06025 0.30125 0.1205 -0.09975 0.03825 -0.028 0.0675 0.212 -0.0195 -0.07325 0.00525 -0.1155 
 PRP9 0.763 0.13 0.3135 -0.02175 -0.1595 -0.0915 0.121 -0.053 0.053 -0.0655 -0.1935 0.04325 0.191 0.122 0.00175 0.08025 0.03325 0.11625 0.06075 -0.0495 
 MTF2 0.765 0.129 0.1915 0.51175 0.1535 -0.19 -0.036 0.0875 0.269 -0.0725 0.07525 0.071 0.13275 0.29525 0.158 0.09775 0.2565 0.28 0.216 0.174 
 RPS29B 0.161 -0.09725 -0.24725 -0.1745 -0.27025 -0.19075 -0.094 -0.1925 -0.3255 -0.204 -0.092 -0.335 -0.0915 -0.34975 -0.18375 -0.37 -0.15075 -0.2255 -0.10025 -0.3375 
 RPL31A 0.193 0.00399999999999999 -0.1365 -0.23 -0.291 -0.35925 0.04 -0.20225 -0.307 -0.2835 -0.18925 -0.42725 -0.12725 -0.356 -0.2175 -0.41375 -0.159 -0.203 -0.119 -0.28575 
 RPL13A 0.23575 -0.056 -0.2065 -0.272 -0.42525 -0.34575 -0.0345 -0.26175 -0.42075 -0.35275 -0.12725 -0.4665 -0.233 -0.47075 -0.28475 -0.438 -0.22675 -0.365 -0.222 -0.3355 
 RPS16B 0.1925 -0.097 -0.26575 -0.29275 -0.32475 -0.226 -0.05775 -0.2215 -0.368 -0.23575 -0.0745 -0.471 -0.219 -0.4755 -0.28225 -0.40575 -0.2455 -0.36 -0.20525 -0.364 
 RPL35B 0.18475 0.04075 -0.17975 -0.2675 -0.28775 -0.3625 0.04025 -0.17875 -0.2855 -0.297 -0.20075 -0.45875 -0.20675 -0.467 -0.28975 -0.46175 -0.223 -0.25775 -0.2005 -0.36125 
 RPL35A 0.1865 0.034 -0.18425 -0.296 -0.2815 -0.351 0.03975 -0.182 -0.287 -0.314 -0.22075 -0.5015 -0.1945 -0.4605 -0.2895 -0.446 -0.223 -0.25575 -0.194 -0.36125 
 SNF3 0.95975 -0.0795 0.18675 0.40925 0.47925 0.2945 -0.0675 0.13225 0.4595 0.387 0.41275 0.20475 0.31875 0.554 0.78175 0.52075 0.24175 0.32325 0.49 0.58475 
 RPS13 0.227 -0.205 -0.358 -0.29525 -0.33625 -0.25875 -0.2115 -0.221 -0.45 -0.23875 -0.01375 -0.35725 -0.30575 -0.4865 -0.30975 -0.48675 -0.2765 -0.3085 -0.191 -0.41825 
 SNF11 0.71825 0.08675 0.1835 0.1775 0.10325 0.06075 0.03125 0.0645 0.08675 -0.01175 0.05425 0.231 0.1605 0.12975 0.1225 0.12375 0.11025 0.17 0.14975 0.09875 
 SLU7 0.742 0.142 0.26225 0.206 0.00475 -0.01475 0.23775 0.11125 0.13575 -0.076 -0.07775 0.10575 0.176 0.119 0.159 0.17475 0.09725 0.1075 0.176 0.0855 
 SNU56 0.762 0.0285 -0.141 0.03625 -0.015 -0.284 -0.11575 -0.0245 -0.027 -0.448 -0.3135 -0.11625 -0.18675 0.0295 -0.093 -0.198 0.076 0.123 0.0665 -0.1 
 PRP28 0.78675 0.04625 0.003 0.0735 -0.24025 -0.25275 0.012 0.0025 0.105 -0.1555 0.03325 0.1435 -0.16075 0.02575 -0.077 -0.155 0.0895 0.044 0.01 -0.0255 
 SRB7 0.72675 0.03275 0.00549999999999999 0.287 0.00874999999999999 -0.306 -0.10125 -0.04875 0.1045 -0.097 -0.19825 -0.0915 -0.07075 0.10275 -0.046 -0.2025 0.255 0.15625 0.04925 -0.07925 
 YDR341C 0.29025 -0.028 -0.2915 -0.31 -0.33625 -0.343 -0.16925 -0.20025 -0.41 -0.228 -0.02825 -0.36275 -0.3095 -0.42 -0.3165 -0.406 -0.34125 -0.40775 -0.252 -0.31675 
 HXT7 0.94225 -0.116 0.493 0.80525 0.88225 0.73875 0.0165 0.19375 0.73875 0.73275 0.13775 0.5685 0.68425 0.833 0.868 0.9395 0.71925 0.6465 0.75625 0.50025 
 HXT6 0.941 -0.10125 0.427 0.85125 0.916 0.759 0.02625 0.20475 0.80925 0.77875 0.143 0.6285 0.75375 0.86775 0.932 0.999 0.753 0.72625 0.79475 0.542 
 HXT3 0.947 -0.097 0.41675 0.7695 0.921 0.68225 0.02625 0.246 0.89725 0.89275 0.15375 0.614 0.838 0.8585 0.87225 0.932 0.709 0.77175 0.856 0.6265 
 NCB2 0.7285 0.067 0.09775 -0.12725 -0.01525 -0.2185 0.0965 -0.0365 0.02475 -0.08475 -0.107 -0.06225 -0.06975 -0.052 0.0245 -0.18975 0.06825 0.16975 0.09325 0.1015 
 RPS18A 0.23375 -0.036 -0.30625 -0.38475 -0.42075 -0.3585 -0.05975 -0.2105 -0.42275 -0.37525 -0.218 -0.65375 -0.29425 -0.5415 -0.39475 -0.56225 -0.2765 -0.37675 -0.29875 -0.4465 
 RPL27B 0.21525 -0.01625 -0.278 -0.3125 -0.3325 -0.29575 -0.073 -0.18925 -0.377 -0.279 -0.20025 -0.59275 -0.23925 -0.525 -0.3145 -0.51575 -0.19025 -0.229 -0.2035 -0.34975 
 PRP3 0.75275 0.16875 0.372 0.027 0.00874999999999999 -0.0545 0.4345 0.08775 0.2665 0.1055 -0.311 0.1585 0.33675 0.218 0.16175 0.19125 0.24825 0.1805 0.13625 0.05525 
 RPL37B 0.19325 -0.06725 -0.29375 -0.26225 -0.3755 -0.264 -0.063 -0.214 -0.4035 -0.268 -0.089 -0.42 -0.2035 -0.41175 -0.2595 -0.4105 -0.18775 -0.29225 -0.2105 -0.33675 
 STL1 0.7785 -0.02 0.31125 0.589 -0.01625 0.49775 0.207 0.0885 0.3385 0.081 -0.14825 0.00175000000000001 0.18 0.48025 0.575 0.2395 0.219 0.09925 0.444 0.3505 
 HAT2 0.75 0.016 -0.04425 0.15925 -0.091 0.11225 -0.02825 0.038 0.02525 0.00125 0.2455 0.176 0.08775 0.08275 0.111 0.15575 -0.072 -0.0315 0.03825 0.06325 
 SRB4 0.7215 -0.021 0.08075 -0.03775 -0.0145 -0.27175 -0.0805 -0.0705 -0.04 -0.07675 -0.22175 0.03575 -0.01475 0.02075 -0.03975 -0.16775 0.21175 0.127 0.065 0.0585 
 SMB1 0.75375 0.0855 0.2175 0.4405 0.127 0.0235 0.0685 0.109 0.2875 0.10775 0.019 0.18575 0.09575 0.46975 0.171 0.15575 0.106 0.1315 0.207 0.12175 
 FIR1 0.7545 0.0245 0.1875 -0.05975 0.0215 -0.20125 -0.059 0.01975 -0.02575 -0.14025 0.045 0.1305 -0.13625 0.258 0.0205 0.12125 0.18925 0.22175 0.089 0.0795 
 RPS24A 0.238 -0.045 -0.24275 -0.279 -0.39725 -0.37825 -0.05175 -0.234 -0.4385 -0.34225 -0.16225 -0.49575 -0.2335 -0.47925 -0.31325 -0.5345 -0.223 -0.3085 -0.22375 -0.368 
 RPS8B 0.25575 -0.0365 -0.2455 -0.28125 -0.39125 -0.2675 -0.0235 -0.24175 -0.36875 -0.2995 -0.126 -0.51275 -0.20775 -0.44075 -0.2875 -0.40825 -0.24125 -0.363 -0.2455 -0.35675 
 LSM4 0.774 0.09725 0.109 0.06025 0.1175 -0.14275 0.07325 -0.00025 0.169 -0.09025 -0.0595 0.1975 0.105 0.29425 0.10525 0.01825 0.16125 0.2505 0.11825 0.0975 
 RPL23B 0.2205 -0.136 -0.40125 -0.38875 -0.39125 -0.2705 -0.118 -0.2325 -0.444 -0.2635 -0.134 -0.60125 -0.3465 -0.591 -0.45 -0.532 -0.35 -0.412 -0.3095 -0.47175 
 RPS26B 0.1995 -0.028 -0.238 -0.23025 -0.2965 -0.26775 -0.03375 -0.1645 -0.3325 -0.26575 -0.162 -0.33325 -0.06875 -0.346 -0.1345 -0.3445 -0.093 -0.15425 -0.055 -0.25625 
 BUR6 0.76025 0.121 0.05225 -0.0495 0.10425 -0.15525 0.145 0.0345 0.1065 -0.045 -0.12875 0.0805 -0.0045 0.15175 0.0355 -0.0155 0.09725 0.16075 0.04125 0.07325 
 RAD4 0.74275 0.0035 0.10625 0.20175 0.0335 -0.00225 0.02575 0.02375 0.18125 0.01275 -0.03275 0.149 0.0875 0.1075 0.1 0.15625 -0.05925 -0.06975 0.121 0.19775 
 RPH1 0.7265 -0.021 -0.028 0.17325 0.044 -0.07375 -0.00675 -0.05625 0.011 -0.04425 -0.30975 0.08125 -0.0615 0.07575 0.03925 -0.06775 0.1215 0.10375 0.02 0.16225 
 DEG1 0.7515 0.07675 -0.14325 -0.17625 -0.09625 -0.32 0.02475 -0.0865 -0.0405 -0.19475 -0.1385 -0.045 -0.13925 0.37675 -0.1495 -0.22125 0.093 0.0845 -0.029 -0.11825 
 HXT10 1.0425 -0.09175 0.485 0.581 0.75375 0.80775 0.16575 0.19425 0.788 0.7505 0.40525 0.6585 0.68225 0.684 0.63725 0.68 0.4715 0.457 0.6705 0.65925 
 RSC8 0.78875 0.0845 0.28225 0.1425 0.1155 -0.21275 0.029 0.02325 0.1265 0.0445 0.114 0.316 -0.01775 0.16775 0.04775 -0.0035 0.08775 0.08325 0.07375 0.17025 
 RPL24A 0.24475 0 -0.21125 -0.294 -0.29575 -0.29725 -0.01125 -0.17875 -0.29625 -0.25325 -0.19125 -0.4815 -0.14225 -0.42675 -0.253 -0.398 -0.163 -0.225 -0.17625 -0.351 
 RPB9 0.74525 0.06725 -0.117 -0.143 -0.1755 -0.35575 -0.08275 -0.071 0.01525 -0.0975 -0.09825 -0.07225 -0.23825 0.05975 -0.1355 -0.448 -0.076 -0.028 -0.086 -0.226 
 RPL7A 0.25075 -0.067 -0.2045 -0.2545 -0.3305 -0.2995 -0.04175 -0.21875 -0.3395 -0.266 -0.085 -0.35525 -0.19325 -0.36325 -0.242 -0.32425 -0.18275 -0.34325 -0.20325 -0.28875 
 LIF1 0.7725 0.05 -0.078 -0.0865 -0.0425 -0.1365 0.06875 -0.103 0.1315 -0.041 0.0745 -0.03725 -0.15175 0.1585 0.04325 -0.02225 -0.13125 0.04175 0.0035 0.0705 
 RPL28 0.22825 -0.0365 -0.30625 -0.35125 -0.32875 -0.2165 -0.08075 -0.17575 -0.35875 -0.19575 -0.11525 -0.51525 -0.2615 -0.47625 -0.32125 -0.37225 -0.30075 -0.3725 -0.25725 -0.41675 
 RPS2 0.27425 -0.10525 -0.18325 -0.18575 -0.257 -0.138 -0.05075 -0.19925 -0.29125 -0.129 -0.01375 -0.409 -0.21 -0.405 -0.27475 -0.3245 -0.22675 -0.4035 -0.2095 -0.31425 
 RPL1B 0.223 -0.1055 -0.255 -0.18175 -0.32725 -0.1885 -0.077 -0.204 -0.33925 -0.19675 -0.05425 -0.42 -0.1705 -0.463 -0.29025 -0.35 -0.29075 -0.42475 -0.19575 -0.3485 
 RPL9A 0.214 -0.043 -0.24625 -0.29075 -0.34875 -0.29275 -0.0695 -0.2095 -0.3765 -0.313 -0.19925 -0.545 -0.25275 -0.51575 -0.338 -0.46625 -0.29025 -0.408 -0.24225 -0.37875 
 RPS26A 0.20825 -0.04225 -0.28225 -0.203 -0.2935 -0.26025 -0.0435 -0.16175 -0.3345 -0.27925 -0.16275 -0.30475 -0.06075 -0.305 -0.1435 -0.3335 -0.1135 -0.1215 -0.0745 -0.27025 
 TAD1 0.772 0.00899999999999999 -0.012 0.00174999999999999 -0.09575 -0.35825 -0.0235 0.0205 0.00475 -0.2235 0.0845 0.10225 -0.24025 0.0525 -0.13475 -0.1815 -0.0045 0.05325 -0.05175 -0.017 
 RTF1 0.75025 0.11475 0.201 0.1545 0.05775 -0.17575 0.0705 -0.008 0.109 -0.01175 0.32075 0.1405 -0.028 0.2655 0.0015 -0.024 0.02575 -0.08075 0.05725 0.102 
 HXK2 0.4955 -0.1515 -0.33475 0.04925 -0.05075 0.242 -0.0485 0.0585 0.0935 0.19475 0.1155 0.0365 0.20325 0.05125 0.0925 0.222 0.06475 -0.0945 0.0845 -0.09925 
 TFG2 0.75775 0.076 -0.02175 0.0425 -0.00225 -0.14625 0.0905 0.0455 0.12125 -0.01675 0.0585 0.05025 -0.0435 0.14625 -0.05275 -0.09875 0.00425 -0.06675 0.03875 0.01125 
 SNU71 0.79775 0.06375 0.0705 -0.28025 -0.02475 -0.16775 0.184 -0.0615 0.0815 -0.047 0.21475 -0.06575 -0.059 0.1795 -0.0145 -0.08825 -0.054 -0.057 0.0295 0.07725 
 RPS25A 0.1705 -0.094 -0.31525 -0.3485 -0.37175 -0.25225 -0.07575 -0.183 -0.3785 -0.261 -0.089 -0.413 -0.2355 -0.4225 -0.29375 -0.39675 -0.318 -0.4065 -0.23475 -0.4315 
 RPL26B 0.20775 -0.0705 -0.295 -0.344 -0.41375 -0.288 -0.077 -0.1905 -0.39125 -0.258 -0.176 -0.60275 -0.26625 -0.58375 -0.341 -0.526 -0.278 -0.381 -0.229 -0.41825 
 TFC4 0.76525 0.0815 0.027 0.069 0.0705 -0.455 -0.06375 -0.002 0.0445 -0.0795 -0.161 0.22825 -0.00325 -0.0135 0.02175 -0.01425 0.21725 0.10225 0.02275 0.01525 
 RSC1 0.74775 0.0455 0.04775 -0.0475 -0.05875 -0.192 -0.007 -0.032 -0.01675 -0.25625 0.0705 0.17925 -0.01775 0.015 -0.02725 0.0105 0.09525 0.09975 -0.0475 -0.00625000000000001 
 SMD1 0.69675 0.00325 -0.138 0.34325 -0.1215 -0.2185 -0.212 -0.0675 -0.05775 -0.22875 -0.08425 -0.02825 -0.21975 -0.00399999999999999 -0.14025 -0.242 -0.0975 -0.1155 -0.14875 -0.187 
 PRP38 0.7235 -0.1285 -0.41525 -0.24725 -0.11075 -0.2025 -0.18225 -0.0755 -0.058 -0.20875 -0.12675 -0.17525 -0.1105 -0.16875 -0.2695 -0.09225 0.01525 -0.0755 -0.125 -0.2975 
 PRP31 0.7695 0.07225 -0.0705 0.0085 0.03575 -0.21525 -0.02425 0.072 0.117 -0.0895 -0.1215 -0.0495 -0.073 0.192 0.04775 -0.0985 -0.04025 0.19075 0.0305 -0.06675 
 SRB5 0.782 -0.011 -0.0675 0.013 -0.044 -0.22625 -0.057 0.0305 0.00225 -0.15175 0.00525 0.00550000000000001 -0.09125 0.0535 -0.0235 -0.035 -0.1335 0.07225 -0.005 -0.0645 
 RPS23A 0.26275 -0.03675 -0.2645 -0.365 -0.30675 -0.23975 -0.016 -0.1915 -0.311 -0.1975 -0.16025 -0.5415 -0.24025 -0.4675 -0.30175 -0.393 -0.28875 -0.31175 -0.26275 -0.38 
 RPL24B 0.25025 -0.00025 -0.22225 -0.30075 -0.30125 -0.33425 -0.00225 -0.1795 -0.30375 -0.26075 -0.1755 -0.4785 -0.1795 -0.4305 -0.26825 -0.40575 -0.17375 -0.24625 -0.175 -0.3495 
 TFG1 0.812 0.10425 0.166 0.3165 0.10075 -0.173 0.08425 0.0795 0.19825 -0.0065 0.054 0.26275 0.1 0.174 0.07825 0.03375 0.07125 0.04625 0.09825 0.16625 
 TDH3 0.47575 -0.1425 -0.515 0.05475 -0.094 0.29875 -0.12075 0.086 -0.10725 0.3435 -0.03475 -0.27 0.0735 -0.08925 0.06375 0.17175 0.085 -0.0585 0.00675000000000001 0.00275 
 YGR200C 0.79975 -0.01275 0.094 -0.252 0.028 -0.33825 0.0005 -0.18625 0.02275 -0.0875 -0.14875 -0.23025 -0.06775 -0.02525 -0.10225 -0.329 0.0515 -0.02 0.026 0.0665 
 PFK1 0.505 -0.1985 -0.2685 0.04625 -0.0955 -0.1285 -0.22925 -0.10475 -0.198 -0.071 -0.0395 -0.09025 -0.17325 -0.2455 -0.0515 -0.028 0.08075 -0.1195 0.027 -0.1245 
 ENO1 0.567 -0.21575 -0.5845 0.079 -0.15875 0.35625 -0.0765 0.051 -0.12275 0.294 -0.054 -0.253 -0.09275 -0.1115 -0.0955 0.1795 -0.05175 -0.18325 -0.08725 -0.09 
 MAL11 0.9915 -0.06925 0.219 0.37075 0.16475 0.454 -0.124 0.37 0.41275 0.369 0.18025 0.335 0.5875 0.73925 0.33575 0.4045 0.25825 0.15975 0.4135 0.44975 
 RPL14B 0.229 -0.134 -0.325 -0.31475 -0.40175 -0.40425 -0.05975 -0.2815 -0.46575 -0.29625 -0.0945 -0.5715 -0.3575 -0.5795 -0.41175 -0.578 -0.297 -0.42475 -0.33175 -0.4205 
 YAP3 0.7645 -0.00200000000000001 -0.383 -0.039 -0.1125 -0.25 -0.0605 0.05175 -0.06575 -0.0395 -0.09925 0.00724999999999999 -0.19525 0.397 -0.06775 -0.1275 0.18825 0.0435 -0.04925 -0.15775 
 RPL8A 0.25925 -0.0505 -0.21675 -0.2885 -0.34775 -0.3415 -0.089 -0.2325 -0.42225 -0.35525 -0.12 -0.587 -0.26875 -0.5725 -0.3285 -0.50975 -0.2415 -0.289 -0.1965 -0.319 
 STP2 0.7475 0.0805 0.12175 0.09125 -0.09875 -0.07675 0.1365 0.00275 -0.0285 -0.05875 -0.034 0.035 0.067 0.09125 -0.04525 0.02375 0.07875 0.05325 -0.01875 0.059 
 RPL27A 0.21725 -0.016 -0.32175 -0.3285 -0.32325 -0.299 -0.047 -0.206 -0.383 -0.29775 -0.20025 -0.618 -0.2415 -0.56925 -0.3475 -0.49625 -0.229 -0.275 -0.2355 -0.4165 
 RPS27B 0.17675 -0.117 -0.30225 -0.25825 -0.328 -0.24225 -0.1395 -0.22425 -0.3815 -0.25925 -0.071 -0.5155 -0.21825 -0.6345 -0.31875 -0.528 -0.267 -0.35775 -0.15025 -0.39025 
 MED6 0.7655 0.037 0.00375 -0.0095 0.02675 -0.30125 -0.0605 -0.05725 0.01475 -0.096 -0.17075 0.1845 -0.26675 0.0775 -0.09425 -0.15425 0.07625 0.03875 -0.049 -0.04875 
 HXT4 1.0655 -0.133 0.46325 0.64375 0.8095 0.78625 0.11 0.22525 0.84475 0.752 0.40325 0.76375 0.81375 0.77175 0.725 0.755 0.56775 0.62025 0.782 0.6505 
 HXT1 1.04425 -0.122 0.42375 0.61375 0.74975 0.769 0.11075 0.224 0.7695 0.729 0.41075 0.70225 0.772 0.73325 0.70075 0.7265 0.52175 0.571 0.75375 0.6535 
 HXT5 1.05275 -0.1275 0.329 0.437 0.5755 0.70075 0.13575 0.17675 0.607 0.6305 0.31725 0.55375 0.5975 0.55875 0.54375 0.575 0.321 0.36125 0.56625 0.642 
 RPL42B 0.2305 -0.0525 -0.29125 -0.33125 -0.34025 -0.298 -0.0375 -0.2065 -0.35975 -0.29 -0.23225 -0.55625 -0.2485 -0.53275 -0.3425 -0.48175 -0.2415 -0.349 -0.237 -0.4345 
 ENO2 0.56675 -0.218 -0.61625 0.077 -0.147 0.3495 -0.085 0.0215 -0.1305 0.27775 0.0385 -0.25075 -0.04225 -0.07675 -0.103 0.1605 -0.034 -0.2105 -0.05075 -0.099 
 STB5 0.775 0.0765 -0.006 -0.084 0.05025 -0.0715 -0.09675 -0.0115 0.20925 0.052 0.0845 0.02475 -0.09575 0.14325 0.06375 -0.017 0.102 0.15175 0.10675 0.1615 
 RPS4B 0.254 -0.06925 -0.30575 -0.2875 -0.409 -0.315 -0.11025 -0.236 -0.4115 -0.304 -0.07625 -0.4815 -0.2435 -0.482 -0.34925 -0.4905 -0.24775 -0.36775 -0.25425 -0.361 
 RPL2B 0.25025 -0.11 -0.27675 -0.16925 -0.3765 -0.24125 -0.122 -0.24375 -0.4775 -0.224 -0.0355 -0.47 -0.23425 -0.5005 -0.32425 -0.4115 -0.21825 -0.39775 -0.17025 -0.2705 
 RPB3 0.80525 0.07925 0.1005 -0.0015 -0.0235 -0.25 -0.0525 -0.05025 0.02725 -0.17525 -0.01725 0.002 -0.0295 0.0675 -0.03525 -0.112 0.072 0.06925 0.04425 0.0185 
 RPL34B 0.22325 -0.01725 -0.217 -0.29425 -0.35275 -0.321 0.01025 -0.236 -0.3615 -0.32075 -0.16525 -0.461 -0.17875 -0.455 -0.24175 -0.4425 -0.19225 -0.23225 -0.155 -0.29475 
 RPS24B 0.24925 -0.06475 -0.21025 -0.27725 -0.384 -0.357 -0.014 -0.239 -0.40425 -0.35075 -0.15375 -0.53225 -0.26675 -0.50175 -0.314 -0.52425 -0.24875 -0.324 -0.21775 -0.3565 
 RPL16A 0.154 -0.12275 -0.288 -0.28575 -0.343 -0.2855 -0.1005 -0.25825 -0.448 -0.29475 -0.07875 -0.49 -0.22025 -0.51 -0.29425 -0.45625 -0.26975 -0.39 -0.184 -0.29675 
 HXT12 0.96925 -0.08775 0.30725 0.3255 0.4325 0.52675 0.171 0.16925 0.466 0.55375 0.2385 0.364 0.40675 0.3905 0.2745 0.353 0.1655 0.167 0.3015 0.41125 
 RPR2 0.753 -0.0205 -0.158 -0.0465 -0.08 0.06125 0.074 -0.0105 0.0465 0.0245 0.13775 0.1165 -0.101 0.17475 0.0235 0.181 0.00425 -0.00275 0.064 0.10525 
 YAP5 0.83 0.07475 0.15375 0.09125 0.157 -0.1075 0.05875 0.079 0.166 0.0615 0.10825 0.061 -0.03475 0.65725 0.1745 0.122 0.19225 0.332 0.2175 0.14675 
 TDH1 0.501 -0.18575 -0.5545 -0.02875 0.0105 0.4095 -0.04575 0.11525 -0.022 0.38125 0.132 0.028 0.027 -0.0175 0.1055 0.30175 0.003 -0.0855 -0.0225 -0.0475 
 ASF1 0.796 0.111 0.239 -0.001 0.03075 -0.21275 0.14975 -0.019 0.06325 0.0395 -0.003 -0.011 -0.263 0.00650000000000001 -0.07825 -0.08025 -0.03175 -0.01575 0.01425 0.08825 
 SPT10 0.72375 0.105 0.11625 0.023 0.11975 -0.2485 0.167 -0.07425 0.09475 -0.241 -0.14 -0.00275 0.08325 0.1095 0.06725 0.000249999999999998 0.083 -0.076 0.03 -0.0435 
 RPS21B 0.18925 -0.03675 -0.23725 -0.31725 -0.3785 -0.25725 -0.05025 -0.19175 -0.3475 -0.23575 -0.16625 -0.46625 -0.16475 -0.429 -0.22475 -0.4005 -0.2145 -0.30175 -0.15325 -0.355 
 RPB4 0.74375 0.08825 0.14675 0.20925 0.08675 -0.10375 0.06775 0.0525 0.238 0.064 0.10525 0.11825 0.00175 0.23725 0.1305 0.09525 0.03375 0.129 0.107 0.12825 
 SWI3 0.76025 0.082 0.174 -0.04875 0.08175 -0.149 0.03275 -0.00575 0.04 -0.07275 -0.2195 0.00775 -0.03225 0.05325 0.0765 0.02025 0.044 0.0595 0.141 0.08975 
 RPL17B 0.2225 -0.07275 -0.2985 -0.30075 -0.42375 -0.29 -0.03625 -0.25475 -0.43675 -0.35525 -0.14225 -0.4845 -0.24125 -0.4635 -0.271 -0.4295 -0.24225 -0.36175 -0.23 -0.39325 
 RPL39 0.18975 -0.0715 -0.25525 -0.28525 -0.31175 -0.29825 -0.03075 -0.16725 -0.31425 -0.27025 -0.23625 -0.48725 -0.15175 -0.4875 -0.25875 -0.45225 -0.197 -0.256 -0.151 -0.4165 
 RPS22A 0.20225 -0.11475 -0.407 -0.35675 -0.487 -0.37625 -0.13475 -0.23925 -0.5325 -0.3615 -0.16075 -0.65925 -0.32775 -0.6585 -0.39675 -0.639 -0.33025 -0.45 -0.29 -0.5275 
 PRP21 0.803 0.0655 -0.02025 0.28875 -0.286 -0.35675 0.03575 -0.01175 0.09225 -0.19075 0.292 0.08075 -0.1285 0.20825 0.066 -0.00575 0.019 0.00875 0.086 -0.0285 
 HXT8 1.02025 -0.1145 0.39275 0.3785 0.59125 0.688 0.16275 0.21825 0.57625 0.63625 0.30775 0.45575 0.5515 0.49725 0.477 0.5205 0.2875 0.2935 0.5055 0.61225 
 HXT9 1.01625 -0.04275 0.29125 0.219 0.43175 0.53825 0.1655 0.1495 0.42975 0.5175 0.243 0.24875 0.36875 0.2915 0.2855 0.3675 0.16925 0.1295 0.31425 0.43 
 TDH2 0.476 -0.141 -0.4635 0.0465 -0.03675 0.2835 -0.09125 0.0825 -0.1185 0.30625 0.127 -0.10075 0.04025 0.0135 0.04 0.199 0.0095 -0.068 0.0155 -0.01325 
 LSM8 0.64775 0.01225 -0.0595 -0.00425000000000001 -0.194 -0.27025 -0.00924999999999999 -0.181 0.0865 -0.10625 -0.0485 -0.26825 -0.22725 0.578 0.0395 -0.1675 0.102 0.101 0.033 -0.02975 
 ISY1 0.73375 0.09875 0.15975 0.23275 0.11825 -0.12 -0.03 0.03875 0.30625 0.0115 0.1275 0.17675 0.118 -0.17025 0.1935 0.13125 0.0935 0.19425 0.16575 0.1875 
 RAD7 0.77575 0.0345 0.0325 0.016 -0.04975 -0.09475 0.093 -0.06825 0.00125 -0.1855 -0.057 0.02325 -0.021 0.03175 -0.0295 -0.00925 -0.02675 -0.03875 0.00925 0.057 
 FIP1 0.72575 0.01175 -0.03275 0.22125 0.0315 -0.097 0.04275 -0.0545 0.0685 -0.12125 -0.04775 0.05725 0.04225 0.21275 0.09675 0.05425 0.0725 0.11625 0.0745 0.13525 
 RPS5 0.24175 -0.05725 -0.274 -0.26275 -0.31575 -0.235 -0.10175 -0.178 -0.40425 -0.20925 -0.026 -0.39225 -0.226 -0.41175 -0.28925 -0.318 -0.1445 -0.32675 -0.236 -0.3275 
 RPS4A 0.269 -0.08325 -0.28675 -0.2845 -0.3865 -0.28725 -0.043 -0.2345 -0.41825 -0.315 -0.066 -0.523 -0.305 -0.51175 -0.3365 -0.45675 -0.26675 -0.419 -0.29025 -0.393 
 RPL14A 0.23875 -0.15 -0.347 -0.31175 -0.43325 -0.389 -0.09175 -0.2895 -0.481 -0.31825 -0.077 -0.60025 -0.3105 -0.5695 -0.42625 -0.59425 -0.27575 -0.43925 -0.30575 -0.43825 
 CCE1 0.75475 0.02525 -0.03825 -0.10875 0.04525 -0.26025 -0.0495 0.0855 0.18475 -0.16775 -0.19525 0.4505 -0.16075 0.51125 0.01225 -0.01325 0.1745 0.174 0.054 -0.07725 
 PRP40 0.7715 0.088 0.18025 0.121 0.00225 -0.20875 0.09075 -0.001 0.11475 -0.08975 -0.022 0.04925 0.05725 0.06725 0.03325 -0.03375 0.03475 -0.0605 0.0105 0.039 
 PUT3 0.7255 0.11025 0.228 -0.12125 -0.06575 -0.03675 -0.027 -0.0885 -0.138 -0.19 -0.185 0.2 0.00975 -0.11225 -0.12525 -0.16 -0.023 0.0445 -0.12175 -0.18825 
 FBA1 0.5185 -0.0875 -0.34125 0.02525 -0.044 0.2125 -0.1125 0.0485 -0.078 0.2105 0.10025 -0.12925 -0.0565 -0.05375 -0.005 0.1395 -0.0065 -0.09375 -0.136 -0.1155 
 RAD27 0.75625 0.0845 0.34725 0.0875 0.2225 -0.39825 0.0915 0.036 0.00975 -0.09375 -0.098 0.066 0.02125 0.09975 0.027 -0.09075 0.15025 0.09425 0.18375 -0.0065 
 RRN3 0.72625 0.08225 0.33225 0.096 0.1255 -0.21825 0.02875 -0.008 0.31575 -0.0945 0.3315 0.16425 -0.03575 0.21075 0.00824999999999999 0.09475 0.0935 0.202 0.0295 0.20425 
 DBR1 0.72875 0.08275 0.12975 0.08675 0.0565 -0.0155 0.09825 0.033 0.01225 0.019 -0.131 0.164 0.0135 0.078 0.06725 0.04825 0.151 0.1175 0.073 0.1405 
 GPM1 0.4725 0.0465 0.0735 -0.07225 0.02625 -0.171 0.0465 -0.0595 -0.0105 -0.17475 -0.07525 -0.02025 0.00275 0.0005 -0.0305 -0.0985 0.01175 0.074 0.04325 0.026 
 RSC4 0.74975 0.105 0.14575 0.043 0.06375 -0.18075 -0.00375 -0.0005 0.03525 -0.17625 0.0015 0.109 0.0645 0.2155 0.03175 0.0255 0.1285 0.18575 0.07325 0.05325 
 RPC37 0.73225 0.01775 -0.0465 0.00499999999999999 -0.05475 -0.09225 0.1095 0.00225 -0.01875 -0.05975 -0.0435 0.16775 -0.21225 0.204 0.03725 0.01375 0.0115 0.07675 0.035 0.055 
 RPS21A 0.18875 -0.0495 -0.25275 -0.257 -0.45225 -0.2755 -0.062 -0.19575 -0.32525 -0.241 -0.167 -0.4055 -0.1785 -0.21275 -0.25825 -0.418 -0.32525 -0.36425 -0.17 -0.389 
 PRP19 0.7675 0.0115 0.06475 0.03 -0.1025 -0.1945 -0.0165 -0.0355 -0.0065 -0.16725 -0.08425 -0.008 -0.01525 0.102 -0.06825 -0.10575 -0.03425 -0.01725 -0.04425 -0.001 
 RPL22A 0.2145 -0.04925 -0.28725 -0.32975 -0.39225 -0.2915 -0.071 -0.2075 -0.392 -0.272 -0.1515 -0.587 -0.25525 -0.5325 -0.3325 -0.53375 -0.25625 -0.33725 -0.23175 -0.397 
 MSL5 0.7325 0.01125 0.02525 0.07125 -0.1155 0.0045 0.04425 0.0455 -0.151 -0.2185 0.12375 0.21025 -0.0495 0.195 0.091 0.10725 0.0125 0.02025 -0.06825 0.09625 
 SYF3 0.74775 0.08275 0.28825 0.38225 0.089 -0.18375 0.08975 -0.0585 0.09875 -0.078 0.13225 0.2735 0.04325 0.1345 0.047 0.07 0.02825 0.03025 0.0515 0.14375 
 RPL37A 0.18 -0.07175 -0.30975 -0.26075 -0.40375 -0.304 -0.05725 -0.21525 -0.43175 -0.27625 -0.1465 -0.3715 -0.15825 -0.365 -0.25875 -0.445 -0.1935 -0.282 -0.19225 -0.4075 
 RPS28B 0.1795 -0.11925 -0.22825 -0.33525 -0.319 -0.2975 -0.092 -0.21825 -0.2705 -0.22125 -0.15625 -0.3 -0.51225 -0.3945 -0.3625 -0.498 -0.31625 -0.3995 -0.22375 -0.30825 
 YHC1 0.674 0.0965 -0.1105 -0.032 0.05025 -0.094 0.07175 -0.02275 0.288 0.00925 -0.07275 0.14475 0.18325 0.19575 0.12275 0.052 0.19175 0.214 0.15025 0.11675 
 YLR316C 0.69975 -0.0535 -0.33 -0.079 0.01925 -0.15275 -0.077 -0.0255 0.12225 -0.19675 0.025 0.08175 -0.095 -0.04375 -0.12375 -0.31725 -0.04325 -0.11475 0.05575 -0.13375 
 SFH1 0.78225 0.0675 0.12075 -0.02675 0.01025 -0.3835 -0.07425 0.01375 0.01825 -0.2045 -0.17075 0.25425 -0.07075 0.2115 0.0225 -0.02125 0.1735 0.13025 0.04575 0.09325 
 RPL38 0.21375 -0.027 -0.33275 -0.31375 -0.48925 -0.41375 0.03625 -0.28375 -0.27525 -0.354 -0.12825 -0.4765 -0.27275 -0.421 -0.32225 -0.4235 -0.251 -0.3535 -0.12225 -0.353 
 RPS25B 0.20225 -0.06675 -0.33525 -0.325 -0.39525 -0.27975 -0.084 -0.2045 -0.40225 -0.29925 -0.1265 -0.44075 -0.262 -0.4995 -0.293 -0.42 -0.30775 -0.39575 -0.264 -0.47375 
 RPL26A 0.20475 -0.03975 -0.251 -0.2805 -0.39275 -0.41425 -0.0545 -0.232 -0.47275 -0.375 -0.1695 -0.4465 -0.2285 -0.5355 -0.2975 -0.45575 -0.205 -0.31175 -0.23375 -0.38575 
 RPS18B 0.2525 -0.097 -0.37 -0.39525 -0.32225 -0.39525 -0.12775 -0.17 -0.48175 -0.3585 -0.056 -0.35775 -0.437 -0.552 -0.38575 -0.661 -0.30125 -0.33575 -0.29325 -0.45675 
 YML114C 0.74425 0.02675 0.173 0.24725 0.11375 -0.087 0.10025 -0.011 0.046 -0.065 -0.0245 0.22775 0.15725 0.275 0.1415 0.1485 0.233 0.2925 0.17125 0.2045 
 MPT1 0.74175 0.1285 0.136 -0.065 0.007 -0.3595 -0.03075 -0.04025 0.001 -0.20875 0.01575 0.11925 -0.04225 0.06125 -0.04875 -0.10375 0.00775 0.04375 -0.013 0.02775 
 HXT2 1.05775 -0.05675 0.54725 0.529 0.702 0.74825 0.18475 0.1975 0.72575 0.6965 0.353 0.62125 0.706 0.6295 0.5995 0.635 0.45775 0.47825 0.68575 0.649 
 YKU80 0.7815 -0.12675 -0.039 -0.1065 -0.077 -0.06 0.22675 0.06275 -0.0255 0.09825 0.058 0.1805 -0.152 0.0905 0.0305 0.0565 -0.0515 -0.00725 -0.0095 -0.09025 
 STO1 0.548 0.03225 0.029 -0.03325 0.01825 -0.0945 -0.2065 -0.0185 -0.0885 -0.059 0.0615 -0.04875 -0.04725 0.06075 -0.14025 -0.045 0.07825 0.03175 -0.0035 -0.0105 
 PSO2 0.7875 0.021 0.1175 0.118 0.077 -0.101 0.042 0.0245 0.20675 0.0715 -0.0385 0.205 -0.12075 0.31825 -0.0255 0.06475 0.085 0.1165 0.064 0.22075 
 RPL13B 0.24925 -0.087 -0.383 -0.33775 -0.37275 -0.3935 -0.0585 -0.2275 -0.431 -0.208 -0.07175 -0.4795 -0.328 -0.376 -0.248 -0.4135 -0.26825 -0.31475 -0.198 -0.2985 
 RPS16A 0.23525 -0.16725 -0.35625 -0.31425 -0.29275 -0.2735 -0.135 -0.2065 -0.37925 -0.1915 0.012 -0.37125 -0.31925 -0.43875 -0.2485 -0.4755 -0.27275 -0.3145 -0.19075 -0.364 
 RGM1 0.73275 -0.159 -0.12275 0.09275 -0.0625 -0.01625 0.07925 -0.044 -0.06725 -0.00925 -0.0585 0.103 -0.10375 0.0825 0.05375 0.04475 0.1555 0.1035 0.01875 0.0975 
 MRPL24 0.21925 -0.09325 -0.3295 -0.2715 -0.42125 -0.28725 -0.11725 -0.257 -0.4405 -0.34 -0.1215 -0.44925 -0.185 -0.422 -0.249 -0.42025 -0.236 -0.3105 -0.20625 -0.3625 
 PFK2 0.495 -0.11525 -0.3155 -0.22125 -0.00825 -0.1265 -0.29775 0.00275 -0.11575 0.008 0.07125 0.0675 -0.124 -0.214 -0.0415 -0.1935 -0.1215 -0.18 0.073 -0.07925 
 CEF1 0.75525 0.07 0.262 0.12525 0.0295 -0.16925 0.10075 0.0785 0.1465 0.0205 -0.016 0.19875 0.01925 0.128 0.1035 0.085 0.17975 0.1035 0.0905 0.18475 
 RPS10B 0.26125 -0.12275 -0.48825 -0.3805 -0.42125 -0.337 -0.178 -0.22175 -0.45325 -0.34675 -0.041 -0.398 -0.4525 -0.5355 -0.3415 -0.5865 -0.3985 -0.42725 -0.23225 -0.481 
 RPL20A 0.23 -0.0645 -0.36025 -0.33275 -0.46225 -0.35525 -0.083 -0.25625 -0.48225 -0.39925 -0.1835 -0.59475 -0.26475 -0.547 -0.36825 -0.53425 -0.24375 -0.36575 -0.2895 -0.42625 
 RRN9 0.77425 0.08825 0.0965 0.11675 0.04275 -0.4485 0.02 0.0225 0.10975 -0.0695 -0.1665 0.365 -0.03575 0.0885 -0.02225 -0.03 0.05675 0.10275 0.0195 -0.05475 
 FCP1 0.762 0.02775 0.16275 0.04975 0.01275 -0.2415 -0.01425 0.01825 0.02375 -0.05375 0.1145 0.098 -0.08875 0.087 0.0145 0.00475 0.12825 0.1475 -0.00874999999999999 0.08075 
 RPL9B 0.2145 -0.03925 -0.2305 -0.29225 -0.33725 -0.28625 -0.0745 -0.21 -0.3655 -0.2945 -0.1655 -0.52425 -0.26675 -0.5335 -0.33775 -0.432 -0.26975 -0.3805 -0.24675 -0.38175 
 RPL16B 0.1865 -0.104 -0.342 -0.2475 -0.3975 -0.30175 -0.14025 -0.257 -0.492 -0.274 -0.06175 -0.462 -0.19875 -0.479 -0.2995 -0.47225 -0.22775 -0.35075 -0.198 -0.31675 
 RPS7B 0.2225 -0.03675 -0.281 -0.3405 -0.397 -0.36025 -0.062 -0.196 -0.44125 -0.349 -0.183 -0.53725 -0.269 -0.49025 -0.3175 -0.49 -0.18875 -0.2755 -0.22225 -0.39975 
 RPL42A 0.205 -0.043 -0.29125 -0.35425 -0.38 -0.306 -0.047 -0.19225 -0.38625 -0.30275 -0.18375 -0.5825 -0.22775 -0.526 -0.31375 -0.50975 -0.25475 -0.36575 -0.21925 -0.44225 
 RPS3 0.2655 -0.04175 -0.24875 -0.27675 -0.304 -0.21925 -0.082 -0.1975 -0.346 -0.241 -0.1505 -0.48625 -0.21525 -0.438 -0.27475 -0.37675 -0.18775 -0.27825 -0.20625 -0.3445 
 ELA1 0.77725 -0.021 -0.061 0.14625 -0.0545 -0.11675 -0.0055 -0.00625 -0.0855 -0.13725 0.1675 -0.00225 -0.201 -0.01325 -0.052 -0.0785 -0.044 0.01 -0.04675 -0.0225 
 RPL18B 0.21375 -0.101 -0.24425 -0.1885 -0.29475 -0.23275 -0.08575 -0.215 -0.3765 -0.22075 -0.0015 -0.39 -0.2075 -0.4115 -0.26525 -0.33475 -0.2125 -0.38575 -0.20575 -0.341 
 DAL82 0.80275 0.065 0.04925 0.141 0.02425 -0.06025 0.04725 -0.02925 0.0575 -0.08275 0.59 0.066 -0.0265 0.192 0.069 0.0455 0.0825 0.20675 0.0555 0.02825 
 RPL18A 0.22175 -0.177 -0.35925 -0.24675 -0.23275 -0.265 -0.1455 -0.1745 -0.4465 -0.18925 0.002 -0.33925 -0.26 -0.4355 -0.2555 -0.32 -0.234 -0.312 -0.211 -0.33075 
 MED7 0.7225 0.072 -0.1095 0.062 -0.0315 -0.0545 -0.0235 -0.03625 -0.00725 -0.03975 -0.06975 0.097 -0.10525 0.0955 -0.02575 0.059 -0.08775 0.091 -0.04625 0.02275 
 RPS7A 0.2075 -0.06225 -0.335 -0.38625 -0.45475 -0.3115 -0.04425 -0.23225 -0.453 -0.3905 -0.19425 -0.66425 -0.33075 -0.6225 -0.41025 -0.54 -0.32525 -0.4465 -0.3305 -0.49775 
 SPP2 0.72075 0.0965 0.098 0.01825 0.04475 -0.17925 0.083 -0.08225 0.14425 0.06925 -0.04675 0.04725 -0.065 -0.51025 0.03875 0.0005 -0.032 0.01075 0.0575 0.035 
 RPS28A 0.199 -0.11575 -0.3245 -0.30075 -0.337 -0.20075 -0.109 -0.263 -0.363 -0.199 -0.07925 -0.43725 -0.164 -0.42575 -0.23775 -0.3675 -0.25525 -0.355 -0.176 -0.40425 
 RPS30B 0.18475 -0.06025 -0.2455 -0.29925 -0.31125 -0.2435 -0.0535 -0.182 -0.26725 -0.2585 -0.1765 -0.4275 -0.13775 -0.36625 -0.20875 -0.35775 -0.227 -0.2575 -0.1325 -0.36075 
 TOA1 0.722 0.17375 0.24775 0.11425 0.1265 -0.313 0.08425 0.01275 0.17525 -0.059 0.04375 0.0315 0.089 0.05425 0.09225 0.05025 0.069 0.0795 0.0985 0.0965 
 RPL33B 0.20425 -0.08375 -0.30525 -0.31675 -0.39425 -0.33375 -0.05875 -0.251 -0.4605 -0.3265 -0.11575 -0.55425 -0.30875 -0.57275 -0.357 -0.5155 -0.287 -0.399 -0.279 -0.45175 
 RPS10A 0.201 -0.06875 -0.409 -0.42325 -0.50725 -0.3465 -0.07925 -0.265 -0.4855 -0.40025 -0.2385 -0.66675 -0.2965 -0.62 -0.372 -0.54025 -0.333 -0.43325 -0.2735 -0.48425 
 RPL20B 0.2295 -0.05825 -0.32775 -0.3605 -0.438 -0.3415 -0.0565 -0.249 -0.455 -0.38875 -0.1945 -0.603 -0.28525 -0.572 -0.36775 -0.50975 -0.2395 -0.38325 -0.3025 -0.46025 
 HSH49 0.71175 0.05125 -0.05125 -0.10375 0.01425 -0.27975 -0.03925 -0.05825 0.07975 -0.18275 -0.09625 0.38175 -0.08325 -0.15525 -0.065 -0.113 0.10875 0.202 -0.0225 -0.05825 
 PYK2 0.50575 -0.05475 -0.1705 0.00325 0.17175 0.0305 -0.11175 0.05975 0.15675 0.208 0.045 -0.02075 0.03 0.081 0.17125 0.13175 -0.009 -0.0615 0.17525 0.1565 
 RPS12 0.23525 -0.06425 -0.2545 -0.1555 -0.258 -0.12475 -0.1025 -0.15775 -0.29525 -0.1015 -0.05225 -0.47725 -0.171 -0.4935 -0.271 -0.42675 -0.24075 -0.388 -0.13175 -0.32825 
 GCR1 0.54075 -0.02275 -0.32675 -0.11475 -0.191 -0.1205 -0.118 0.055 -0.11475 -0.129 -0.11025 -0.04 -0.34825 -0.2105 -0.02425 -0.23975 0.06175 -0.08375 0.00175 -0.09075 
 RPL21B 0.2225 -0.0575 -0.33375 -0.33975 -0.4375 -0.347 -0.09825 -0.25075 -0.49125 -0.36425 -0.15975 -0.6425 -0.28725 -0.59775 -0.419 -0.54325 -0.25975 -0.411 -0.296 -0.44 
 RPS9A 0.22675 -0.049 -0.267 -0.3055 -0.3935 -0.33925 -0.1275 -0.234 -0.426 -0.30275 -0.13 -0.535 -0.26675 -0.483 -0.338 -0.463 -0.214 -0.2975 -0.243 -0.3595 
 RPS6A 0.28 -0.04975 -0.265 -0.3245 -0.3585 -0.36325 -0.04125 -0.25025 -0.402 -0.25575 -0.171 -0.64625 -0.25425 -0.6005 -0.3765 -0.54075 -0.31325 -0.38225 -0.226 -0.38225 
 RPL33A 0.19975 -0.092 -0.3555 -0.307 -0.4185 -0.3515 -0.098 -0.2465 -0.46075 -0.3185 -0.126 -0.56 -0.269 -0.56175 -0.336 -0.53275 -0.283 -0.3835 -0.26225 -0.43325 
 RPL7B 0.2575 -0.0805 -0.26175 -0.299 -0.3155 -0.2825 -0.064 -0.1605 -0.33225 -0.18375 -0.05725 -0.3265 -0.26725 -0.31625 -0.24375 -0.30475 -0.192 -0.28225 -0.14825 -0.28325 
 LEA1 0.7355 0.05525 -0.051 -0.088 -0.0295 -0.65725 0.07975 -0.03025 0.04625 -0.2285 -0.0175 0.07625 -0.20375 -0.0635 -0.1535 -0.21125 -0.0625 0.02575 -0.10625 -0.10775 
 RPL1A 0.2385 -0.13275 -0.3295 -0.12875 -0.35975 -0.21525 -0.11775 -0.22875 -0.386 -0.2035 -0.0265 -0.42775 -0.1545 -0.48475 -0.27075 -0.38925 -0.23875 -0.41125 -0.19075 -0.3865 
 RPL43A 0.204 -0.08 -0.317 -0.3135 -0.35175 -0.2145 -0.1025 -0.22325 -0.36975 -0.22625 -0.11225 -0.46875 -0.213 -0.4675 -0.292 -0.4515 -0.30475 -0.329 -0.2275 -0.3875 
 SNT309 0.7055 0.059 0.01225 -0.1885 -0.02675 -0.33625 -0.02875 -0.118 0.0255 -0.20075 -0.23225 0.03125 -0.27325 0.28175 -0.097 -0.1015 -0.12975 0.05675 -0.01975 -0.1075 
 YTH1 0.7275 0.04425 -0.1695 0.0105 -0.0665 -0.033 0.03925 0.04225 0.06575 -0.03275 -0.165 0.211 0.077 0.01025 0.05125 -0.0355 0.02325 0.03625 0.00575 -0.0215 
 RPS23B 0.2625 -0.04025 -0.28 -0.3685 -0.32125 -0.24425 -0.046 -0.19975 -0.32925 -0.212 -0.157 -0.488 -0.21125 -0.44475 -0.30475 -0.432 -0.2715 -0.29875 -0.23825 -0.3635 
 NUT2 0.754 0.11875 0.0205 0.0625 -0.07875 -0.23425 -0.00875 0.03475 -0.013 -0.02075 0.03575 0.02125 -0.20025 0.20275 -0.037 -0.05725 0.1615 0.06175 -0.05 -0.196 
 SMX3 0.61975 -0.06675 0.1235 0.02725 0.1105 0.04175 -0.05575 -0.0445 0.0015 0.09875 0.543 0.3385 -0.00925 0.11625 0.019 0.04975 0.005 0.07675 0.001 0.08575 
 PZF1 0.76275 0.16925 0.10875 0.5335 -0.08525 0.04175 0.40725 -0.134 -0.0945 0.04425 -0.05 -0.03625 0.0535 0.42825 -0.051 0.05775 0.20275 -0.07325 -0.089 -0.24625 
 